function out = int_pd()

out = 1443086369936459/1125899906842624;